#,blue value,green value,red value,concentration,contaminant_type
1,0.677975532,0.193157471,0.128866997,0.00%,None (Distilled Water/Control)
2,0.669626514,0.19486847,0.135505016,0.00%,None (Distilled Water/Control)
3,0.677555739,0.191499845,0.130944415,0.00%,None (Distilled Water/Control)
4,0.66617838,0.194540101,0.13928152,0.00%,None (Distilled Water/Control)
5,0.676879074,0.192122376,0.130998551,0.00%,None (Distilled Water/Control)
6,0.681802388,0.190540946,0.127656666,0.00%,None (Distilled Water/Control)
7,0.671063971,0.194061075,0.134874954,0.00%,None (Distilled Water/Control)
8,0.675993447,0.191918143,0.13208841,0.00%,None (Distilled Water/Control)
9,0.677823677,0.190898028,0.131278296,0.00%,None (Distilled Water/Control)
10,0.664539466,0.195652482,0.139808052,0.00%,None (Distilled Water/Control)
11,0.675677202,0.192783161,0.131539637,0.00%,None (Distilled Water/Control)
12,0.679761905,0.191301475,0.12893662,0.00%,None (Distilled Water/Control)
13,0.669012068,0.19474553,0.136242402,0.00%,None (Distilled Water/Control)
14,0.667601831,0.194459643,0.137938526,0.00%,None (Distilled Water/Control)
15,0.677017357,0.191284822,0.131697821,0.00%,None (Distilled Water/Control)
16,0.662195441,0.197191583,0.140612977,0.00%,None (Distilled Water/Control)
17,0.67065548,0.193407367,0.135937153,0.00%,None (Distilled Water/Control)
18,0.665489506,0.195817683,0.138692811,0.00%,None (Distilled Water/Control)
19,0.676525731,0.191883435,0.131590834,0.00%,None (Distilled Water/Control)
20,0.670485705,0.193608164,0.135906131,0.00%,None (Distilled Water/Control)
21,0.666964971,0.195294949,0.13774008,0.00%,None (Distilled Water/Control)
22,0.674148052,0.192955364,0.132896584,0.00%,None (Distilled Water/Control)
23,0.680668076,0.192684403,0.126647521,0.00%,None (Distilled Water/Control)
24,0.677883281,0.192955046,0.129161673,0.00%,None (Distilled Water/Control)
25,0.679703468,0.193273848,0.127022684,0.00%,None (Distilled Water/Control)
26,0.666757013,0.197765385,0.135477602,0.00%,None (Distilled Water/Control)
27,0.680795262,0.191552141,0.127652597,0.00%,None (Distilled Water/Control)
28,0.676926382,0.193049582,0.130024036,0.00%,None (Distilled Water/Control)
29,0.677524636,0.192250781,0.130224583,0.00%,None (Distilled Water/Control)
30,0.683091029,0.191845765,0.125063206,0.00%,None (Distilled Water/Control)
31,0.678105098,0.191715754,0.130179147,0.00%,None (Distilled Water/Control)
32,0.66463312,0.197486955,0.137879925,0.00%,None (Distilled Water/Control)
33,0.681141839,0.190764403,0.128093758,0.00%,None (Distilled Water/Control)
34,0.675468822,0.192601787,0.131929391,0.00%,None (Distilled Water/Control)
35,0.677796667,0.191745188,0.130458145,0.00%,None (Distilled Water/Control)
36,0.676948533,0.191860332,0.131191136,0.00%,None (Distilled Water/Control)
37,0.664284728,0.196397566,0.139317706,0.00%,None (Distilled Water/Control)
38,0.682511806,0.192072519,0.125415676,0.00%,None (Distilled Water/Control)
39,0.676134791,0.191679244,0.132185965,0.00%,None (Distilled Water/Control)
40,0.682718174,0.189752851,0.127528975,0.00%,None (Distilled Water/Control)
41,0.683383266,0.189121188,0.127495546,0.00%,None (Distilled Water/Control)
42,0.682658484,0.188993569,0.128347948,0.00%,None (Distilled Water/Control)
43,0.680052083,0.189460468,0.130487449,0.00%,None (Distilled Water/Control)
44,0.671934326,0.193345336,0.134720338,0.00%,None (Distilled Water/Control)
45,0.667443932,0.19356601,0.138990058,0.00%,None (Distilled Water/Control)
46,0.67428029,0.192187056,0.133532654,0.00%,None (Distilled Water/Control)
47,0.671611822,0.19229825,0.136089928,0.00%,None (Distilled Water/Control)
48,0.681593125,0.188983031,0.129423843,0.00%,None (Distilled Water/Control)
49,0.678374808,0.190999577,0.130625615,0.00%,None (Distilled Water/Control)
50,0.674622393,0.192013873,0.133363734,0.00%,None (Distilled Water/Control)
51,0.677927861,0.19142665,0.130645489,0.00%,None (Distilled Water/Control)
52,0.536091705,0.354370823,0.109537471,25.40%,Dish Soap
53,0.536301103,0.35436008,0.109338816,25.40%,Dish Soap
54,0.53685841,0.35607699,0.1070646,25.40%,Dish Soap
55,0.532974461,0.353551197,0.113474342,25.40%,Dish Soap
56,0.534801406,0.355272442,0.109926152,25.40%,Dish Soap
57,0.531832374,0.353636585,0.114531041,25.40%,Dish Soap
58,0.526197303,0.352137577,0.12166512,25.40%,Dish Soap
59,0.526975571,0.351088769,0.12193566,25.40%,Dish Soap
60,0.533575482,0.354567574,0.111856944,25.40%,Dish Soap
61,0.535325897,0.354825585,0.109848518,25.40%,Dish Soap
62,0.536743185,0.355462071,0.107794743,25.40%,Dish Soap
63,0.536267327,0.354969357,0.108763316,25.40%,Dish Soap
64,0.536683945,0.354565541,0.108750514,25.40%,Dish Soap
65,0.535976256,0.35568647,0.108337274,25.40%,Dish Soap
66,0.537941259,0.355471039,0.106587702,25.40%,Dish Soap
67,0.537423738,0.355214216,0.107362045,25.40%,Dish Soap
68,0.534209595,0.355376576,0.110413829,25.40%,Dish Soap
69,0.531544678,0.353604584,0.114850737,25.40%,Dish Soap
70,0.5339104,0.355284802,0.110804797,25.40%,Dish Soap
71,0.534198415,0.355099721,0.110701864,25.40%,Dish Soap
72,0.534560475,0.35509196,0.110347565,25.40%,Dish Soap
73,0.535344634,0.356171446,0.108483921,25.40%,Dish Soap
74,0.535077092,0.35602754,0.108895369,25.40%,Dish Soap
75,0.534534505,0.355576918,0.109888578,25.40%,Dish Soap
76,0.536232098,0.356301511,0.107466391,25.40%,Dish Soap
77,0.538182696,0.357092596,0.104724708,25.40%,Dish Soap
78,0.538821367,0.358359033,0.1028196,25.40%,Dish Soap
79,0.534569791,0.356544454,0.108885755,25.40%,Dish Soap
80,0.535822472,0.356626045,0.107551483,25.40%,Dish Soap
81,0.536471504,0.356342412,0.107186084,25.40%,Dish Soap
82,0.536567293,0.355646984,0.107785724,25.40%,Dish Soap
83,0.537925376,0.357513671,0.104560953,25.40%,Dish Soap
84,0.5380099,0.357142907,0.104847193,25.40%,Dish Soap
85,0.538672893,0.358155227,0.10317188,25.40%,Dish Soap
86,0.537180983,0.357402656,0.105416361,25.40%,Dish Soap
87,0.53715645,0.35582243,0.10702112,25.40%,Dish Soap
88,0.537658949,0.357709487,0.104631564,25.40%,Dish Soap
89,0.538334411,0.357664755,0.104000835,25.40%,Dish Soap
90,0.537305683,0.357150191,0.105544127,25.40%,Dish Soap
91,0.538256056,0.358537617,0.103206327,25.40%,Dish Soap
92,0.538042217,0.358559985,0.103397798,25.40%,Dish Soap
93,0.535529072,0.357746732,0.106724196,25.40%,Dish Soap
94,0.535951357,0.357575457,0.106473186,25.40%,Dish Soap
95,0.535528439,0.35698413,0.107487431,25.40%,Dish Soap
96,0.535571817,0.357566554,0.106861629,25.40%,Dish Soap
97,0.535064277,0.357148729,0.107786994,25.40%,Dish Soap
98,0.534887477,0.357740839,0.107371684,25.40%,Dish Soap
99,0.534763837,0.356677806,0.108558357,25.40%,Dish Soap
100,0.535459062,0.356813558,0.10772738,25.40%,Dish Soap
101,0.535404412,0.356751607,0.107843981,25.40%,Dish Soap
102,0.536619356,0.357226808,0.106153836,25.40%,Dish Soap
103,0.535405299,0.354728603,0.109866098,25.40%,Dish Soap
104,0.534139257,0.355391917,0.110468826,25.40%,Dish Soap
105,0.532774049,0.355433658,0.111792293,25.40%,Dish Soap
106,0.543446519,0.436745444,0.019808036,49.80%,Dish Soap
107,0.545431693,0.435837854,0.018730453,49.80%,Dish Soap
108,0.540014663,0.433312549,0.026672788,49.80%,Dish Soap
109,0.54028072,0.434885834,0.024833447,49.80%,Dish Soap
110,0.53772984,0.427512937,0.034757223,49.80%,Dish Soap
111,0.539573795,0.429768361,0.030657844,49.80%,Dish Soap
112,0.537051083,0.425576835,0.037372082,49.80%,Dish Soap
113,0.534388006,0.429279469,0.036332525,49.80%,Dish Soap
114,0.537323071,0.433544173,0.029132756,49.80%,Dish Soap
115,0.540213396,0.436281229,0.023505375,49.80%,Dish Soap
116,0.536105097,0.433232934,0.030661969,49.80%,Dish Soap
117,0.537563719,0.433119268,0.029317013,49.80%,Dish Soap
118,0.537458745,0.434261404,0.028279851,49.80%,Dish Soap
119,0.53644082,0.4307682,0.032790979,49.80%,Dish Soap
120,0.538133327,0.42895744,0.032909233,49.80%,Dish Soap
121,0.539079946,0.435311434,0.02560862,49.80%,Dish Soap
122,0.536981718,0.43331292,0.029705362,49.80%,Dish Soap
123,0.535718239,0.431046605,0.033235156,49.80%,Dish Soap
124,0.535554839,0.43357841,0.03086675,49.80%,Dish Soap
125,0.5358918,0.430014483,0.034093717,49.80%,Dish Soap
126,0.535196377,0.431369822,0.033433801,49.80%,Dish Soap
127,0.536737996,0.4311281,0.032133904,49.80%,Dish Soap
128,0.537373488,0.427604329,0.035022183,49.80%,Dish Soap
129,0.541434089,0.43162849,0.02693742,49.80%,Dish Soap
130,0.543865169,0.437850593,0.018284238,49.80%,Dish Soap
131,0.540389916,0.432436394,0.02717369,49.80%,Dish Soap
132,0.538931803,0.434213518,0.026854679,49.80%,Dish Soap
133,0.539511177,0.433910023,0.0265788,49.80%,Dish Soap
134,0.540403645,0.434327987,0.025268368,49.80%,Dish Soap
135,0.540432218,0.433458685,0.026109097,49.80%,Dish Soap
136,0.540894463,0.435387687,0.02371785,49.80%,Dish Soap
137,0.539189496,0.434476484,0.02633402,49.80%,Dish Soap
138,0.545408169,0.436572217,0.018019615,49.80%,Dish Soap
139,0.544168113,0.436857621,0.018974266,49.80%,Dish Soap
140,0.545124287,0.439946613,0.014929099,49.80%,Dish Soap
141,0.542684677,0.433662894,0.023652429,49.80%,Dish Soap
142,0.537739511,0.432781455,0.029479034,49.80%,Dish Soap
143,0.531678251,0.427467888,0.040853861,49.80%,Dish Soap
144,0.526305587,0.422694922,0.050999491,49.80%,Dish Soap
145,0.530466937,0.418080181,0.051452882,49.80%,Dish Soap
146,0.530380522,0.427390511,0.042228967,49.80%,Dish Soap
147,0.536987705,0.425402837,0.037609458,49.80%,Dish Soap
148,0.543170207,0.43421945,0.022610342,49.80%,Dish Soap
149,0.544036041,0.434799899,0.021164059,49.80%,Dish Soap
150,0.545533321,0.436011636,0.018455043,49.80%,Dish Soap
151,0.545077637,0.44086887,0.014053493,49.80%,Dish Soap
152,0.543019375,0.435206245,0.021774381,49.80%,Dish Soap
153,0.544981575,0.436109743,0.018908682,49.80%,Dish Soap
154,0.543482723,0.435194576,0.021322702,49.80%,Dish Soap
155,0.54070122,0.432306916,0.026991864,49.80%,Dish Soap
156,0.539693121,0.432129385,0.028177495,49.80%,Dish Soap
157,0.540531459,0.433480017,0.025988524,49.80%,Dish Soap
158,0.54360384,0.435358891,0.021037269,49.80%,Dish Soap
,[0.554524810634716],[0.4275840079041855],[0.017891181461098533],75.50%,Dish Soap
,[0.554543767483682],[0.4270382936641852],[0.018417938852132675],75.50%,Dish Soap
,[0.5568123102526871],[0.42794051447339854],[0.015247175273914455],75.50%,Dish Soap
,[0.5567675388047526],[0.42824077072971034],[0.014991690465537156],75.50%,Dish Soap
,[0.5557390565190217],[0.42724804950342243],[0.01701289397755584],75.50%,Dish Soap
,[0.5565150211831947],[0.42854138486899135],[0.014943593947814013],75.50%,Dish Soap
,[0.5560835418843127],[0.42777524956672625],[0.016141208548960964],75.50%,Dish Soap
,[0.5562017586653516],[0.4281874229121808],[0.015610818422467624],75.50%,Dish Soap
,[0.5530318252923759],[0.42664985170431335],[0.020318323003310657],75.50%,Dish Soap
,[0.5515471554342557],[0.4262843759786875],[0.022168468587056886],75.50%,Dish Soap
,[0.550977338604553],[0.42631169867022967],[0.022710962725217325],75.50%,Dish Soap
,[0.5510773783670716],[0.4258778292593653],[0.02304479237356315],75.50%,Dish Soap
,[0.5514929609064987],[0.42600837702792593],[0.022498662065575385],75.50%,Dish Soap
,[0.5521734011276542],[0.4261965485534328],[0.021630050318913074],75.50%,Dish Soap
,[0.5498303016304235],[0.42387536067723536],[0.02629433769234124],75.50%,Dish Soap
,[0.5480045659756643],[0.42332716397897774],[0.028668270045357967],75.50%,Dish Soap
,[0.5486263703264591],[0.42301978196425644],[0.028353847709284407],75.50%,Dish Soap
,[0.5516058285632025],[0.42518803311098086],[0.0232061383258166],75.50%,Dish Soap
,[0.5557949970503135],[0.42811577196289624],[0.016089230986790125],75.50%,Dish Soap
,[0.5566292405309602],[0.4277376798514102],[0.015633079617629473],75.50%,Dish Soap
,[0.5557554141673332],[0.42936028841760737],[0.014884297415059387],75.50%,Dish Soap
,[0.5534675248617086],[0.42788985095834964],[0.01864262417994181],75.50%,Dish Soap
,[0.5510472017996711],[0.4257159949089646],[0.023236803291364315],75.50%,Dish Soap
,[0.5505702472937409],[0.42642642534980874],[0.02300332735645033],75.50%,Dish Soap
,[0.5471899952628768],[0.424344432991331],[0.02846557174579222],75.50%,Dish Soap
,[0.5383013679424087],[0.41811183972943156],[0.04358679232815974],75.50%,Dish Soap
,[0.5411945913384031],[0.41880369257204747],[0.04000171608954948],75.50%,Dish Soap
,[0.5462551266391633],[0.42075773915699405],[0.03298713420384268],75.50%,Dish Soap
,[0.5486507229792054],[0.4189161944926633],[0.0324330825281315],75.50%,Dish Soap
,[0.5492400595139916],[0.41825920372729064],[0.03250073675871772],75.50%,Dish Soap
,[0.5483381026864487],[0.419002512235749],[0.032659385077802285],75.50%,Dish Soap
,[0.546005825821458],[0.4161507361771117],[0.03784343800143037],75.50%,Dish Soap
,[0.5450786770550489],[0.4150610313950161],[0.03986029154993514],75.50%,Dish Soap
,[0.5498488711199438],[0.4175371643432361],[0.03261396453681995],75.50%,Dish Soap
,[0.5503838679997503],[0.41851509347655413],[0.031101038523695664],75.50%,Dish Soap
,[0.5606034632683186],[0.42506822744064604],[0.014328309291035348],75.50%,Dish Soap
,[0.5616867808602211],[0.425818753427849],[0.012494465711930048],75.50%,Dish Soap
,[0.5611568660998999],[0.42573569801168093],[0.013107435888419264],75.50%,Dish Soap
,[0.5611340598160729],[0.4261147513128648],[0.012751188871062193],75.50%,Dish Soap
,[0.5620632354124468],[0.4260178753929163],[0.01191888919463702],75.50%,Dish Soap
,[0.5617566765012669],[0.42485688787715337],[0.013386435621579623],75.50%,Dish Soap
,[0.5619949313027367],[0.42576185510753867],[0.012243213589724553],75.50%,Dish Soap
,[0.5613373474380859],[0.4257282924494947],[0.012934360112419326],75.50%,Dish Soap
,[0.5626911916312661],[0.42593747446212804],[0.01137133390660584],75.50%,Dish Soap
,[0.5616635583403095],[0.4257771799561907],[0.012559261703499957],75.50%,Dish Soap
,[0.5603839444086042],[0.4249074900826259],[0.01470856550876988],75.50%,Dish Soap
,[0.5589330520671877],[0.4250505578358018],[0.0160163900970105],75.50%,Dish Soap
,[0.5574468653569918],[0.4246722789070835],[0.01788085573592465],75.50%,Dish Soap
,[0.5601834804825365],[0.4245828730432307],[0.015233646474232707],75.50%,Dish Soap
,[0.5591442324492223],[0.4242049587972096],[0.01665080875356803],75.50%,Dish Soap
,[0.5594116526676125],[0.42538070436110265],[0.015207642971284912],75.50%,Dish Soap
,[0.5602432425037897],[0.4257089781831031],[0.014047779313107389],75.50%,Dish Soap
,[0.5584914109497067],[0.42545501567490024],[0.01605357337539306],75.50%,Dish Soap
,[0.5595206915248215],[0.425450917269195],[0.015028391205983524],75.50%,Dish Soap
,[0.5602866363663475],[0.4265111433469098],[0.013202220286742773],75.50%,Dish Soap
,[0.5602233776398435],[0.426582526743569],[0.013194095616587426],75.50%,Dish Soap
,[0.5617531548230162],[0.42640713346192427],[0.011839711715059483],75.50%,Dish Soap
,[0.6295251899837749],[0.2534523733889751],[0.11702243662725004],25.00%,Hand Soap
,[0.6280228656130422],[0.2527991532595246],[0.11917798112743318],25.00%,Hand Soap
,[0.6299686863180376],[0.25368624528028794],[0.1163450684016745],25.00%,Hand Soap
,[0.6312758966525803],[0.25358990464588776],[0.11513419870153191],25.00%,Hand Soap
,[0.6304208690408046],[0.25344797231924904],[0.11613115863994637],25.00%,Hand Soap
,[0.6295282727417865],[0.2537433755090527],[0.1167283517491609],25.00%,Hand Soap
,[0.6293458764849388],[0.25310313568814763],[0.11755098782691362],25.00%,Hand Soap
,[0.6297023430397025],[0.2531684567480708],[0.11712920021222659],25.00%,Hand Soap
,[0.6308924545140641],[0.25341023183372796],[0.11569731365220795],25.00%,Hand Soap
,[0.6301272774018959],[0.2532679168440348],[0.11660480575406926],25.00%,Hand Soap
,[0.6305653848909939],[0.25319984210296165],[0.11623477300604447],25.00%,Hand Soap
,[0.6307787719489754],[0.25376465156610645],[0.11545657648491815],25.00%,Hand Soap
,[0.629569196659579],[0.25267567537512964],[0.11775512796529133],25.00%,Hand Soap
,[0.6290867824047466],[0.2526976608125961],[0.11821555678265742],25.00%,Hand Soap
,[0.628957444980686],[0.25273613712557663],[0.11830641789373735],25.00%,Hand Soap
,[0.629283589217899],[0.25248635503872613],[0.11823005574337493],25.00%,Hand Soap
,[0.6284035281319038],[0.25275595710951915],[0.11884051475857707],25.00%,Hand Soap
,[0.6279279849380738],[0.2527051006468599],[0.11936691441506632],25.00%,Hand Soap
,[0.6282483391619846],[0.2527944952918663],[0.11895716554614896],25.00%,Hand Soap
,[0.6288668179903754],[0.2532016423288408],[0.11793153968078379],25.00%,Hand Soap
,[0.6296032882096211],[0.2525420799103948],[0.11785463187998418],25.00%,Hand Soap
,[0.6285617322981207],[0.25250693014133996],[0.11893133756053938],25.00%,Hand Soap
,[0.628671501109853],[0.25274396484624956],[0.11858453404389734],25.00%,Hand Soap
,[0.6288801792858486],[0.2529599758394177],[0.11815984487473367],25.00%,Hand Soap
,[0.6287380756911546],[0.2523808175558116],[0.11888110675303373],25.00%,Hand Soap
,[0.6288476626380799],[0.2523824106127884],[0.11876992674913174],25.00%,Hand Soap
,[0.6299867777374233],[0.25215789789448434],[0.1178553243680924],25.00%,Hand Soap
,[0.6295457180937166],[0.2529517461453278],[0.11750253576095553],25.00%,Hand Soap
,[0.6302164176269754],[0.2524086410360068],[0.11737494133701777],25.00%,Hand Soap
,[0.630104675039056],[0.25292274045001445],[0.11697258451092957],25.00%,Hand Soap
,[0.6314886339874956],[0.25141172844049875],[0.11709963757200563],25.00%,Hand Soap
,[0.6346911730319144],[0.2514481150680598],[0.11386071190002582],25.00%,Hand Soap
,[0.6347283583342765],[0.2512565878258823],[0.11401505383984115],25.00%,Hand Soap
,[0.6341892834222177],[0.25097364137535616],[0.11483707520242604],25.00%,Hand Soap
,[0.6346551212248633],[0.2516990689445134],[0.11364580983062322],25.00%,Hand Soap
,[0.6340041342352677],[0.25219705821431604],[0.11379880755041626],25.00%,Hand Soap
,[0.6360823985915439],[0.25161661816734293],[0.11230098324111316],25.00%,Hand Soap
,[0.6326824145629688],[0.2530885020082701],[0.11422908342876109],25.00%,Hand Soap
,[0.6318746224463057],[0.25193898395227965],[0.11618639360141467],25.00%,Hand Soap
,[0.630844252304537],[0.2530403647316087],[0.1161153829638544],25.00%,Hand Soap
,[0.6308233461895335],[0.2524701806014826],[0.11670647320898402],25.00%,Hand Soap
,[0.6297357932773596],[0.25255340347714095],[0.11771080324549944],25.00%,Hand Soap
,[0.6289736367234305],[0.2501894848498575],[0.12083687842671204],25.00%,Hand Soap
,[0.6305324721043915],[0.25152848425985264],[0.11793904363575587],25.00%,Hand Soap
,[0.6301192635334365],[0.2508081877841431],[0.11907254868242037],25.00%,Hand Soap
,[0.6303381423664003],[0.25273939730784906],[0.11692246032575068],25.00%,Hand Soap
,[0.6308208353776827],[0.25100413170299396],[0.11817503291932333],25.00%,Hand Soap
,[0.6291190891403379],[0.24991661333879434],[0.1209642975208678],25.00%,Hand Soap
,[0.6304187131047888],[0.25128696941215956],[0.11829431748305164],25.00%,Hand Soap
,[0.6307323416694646],[0.25268096145831775],[0.11658669687221766],25.00%,Hand Soap
,[0.631675228233893],[0.25249229052224337],[0.11583248124386353],25.00%,Hand Soap
,[0.630866040226085],[0.2523970095553796],[0.11673695021853563],25.00%,Hand Soap
,[0.6287811825799136],[0.25250801750033414],[0.11871079991975231],25.00%,Hand Soap
,[0.6303108193361551],[0.2526044678027975],[0.11708471286104748],25.00%,Hand Soap
,[0.6300358653905546],[0.25256902888740324],[0.11739510572204218],25.00%,Hand Soap
,[0.6475946491539073],[0.2673238457255121],[0.08508150512058058],49.80%,Hand Soap
,[0.6476299340700546],[0.2674918098625896],[0.0848782560673559],49.80%,Hand Soap
,[0.647280224584706],[0.26736752104642314],[0.08535225436887088],49.80%,Hand Soap
,[0.6471797605119238],[0.26731362616905213],[0.085506613319024],49.80%,Hand Soap
,[0.6476588431940811],[0.2674865273429585],[0.08485462946296043],49.80%,Hand Soap
,[0.6474331167323022],[0.267107135446028],[0.08545974782166989],49.80%,Hand Soap
,[0.6476824811394906],[0.26774157120726927],[0.08457594765324027],49.80%,Hand Soap
,[0.6474387693897324],[0.2673376545210319],[0.08522357608923563],49.80%,Hand Soap
,[0.6477971886074392],[0.2674220566351472],[0.08478075475741358],49.80%,Hand Soap
,[0.6476320253947779],[0.2673981976620842],[0.08496977694313775],49.80%,Hand Soap
,[0.6476736752358443],[0.26720531252698565],[0.08512101223717025],49.80%,Hand Soap
,[0.6475568022850936],[0.2673795481269257],[0.08506364958798066],49.80%,Hand Soap
,[0.6471420536687251],[0.26748850300660854],[0.0853694433246665],49.80%,Hand Soap
,[0.6473254350513585],[0.26740172562668446],[0.08527283932195695],49.80%,Hand Soap
,[0.6477511742454632],[0.26758848515474726],[0.08466034059978948],49.80%,Hand Soap
,[0.646655331696149],[0.2671684650934],[0.08617620321045119],49.80%,Hand Soap
,[0.6470224704172234],[0.26722708103185167],[0.08575044855092491],49.80%,Hand Soap
,[0.6469085848236895],[0.2669048781002494],[0.08618653707606104],49.80%,Hand Soap
,[0.6472372209489979],[0.2675492538354885],[0.08521352521551358],49.80%,Hand Soap
,[0.6473252980431808],[0.2677365750884649],[0.08493812686835425],49.80%,Hand Soap
,[0.6472913071741659],[0.2677404123115558],[0.08496828051427836],49.80%,Hand Soap
,[0.6476548367796118],[0.26786252071046707],[0.08448264250992107],49.80%,Hand Soap
,[0.6471395487812578],[0.26730661166422953],[0.08555383955451268],49.80%,Hand Soap
,[0.6478601136859731],[0.26753951262446235],[0.0846003736895646],49.80%,Hand Soap
,[0.6478654241701527],[0.26779849525455096],[0.08433608057529646],49.80%,Hand Soap
,[0.6472321864343528],[0.26742404574673156],[0.08534376781891574],49.80%,Hand Soap
,[0.6473788040574266],[0.2674885398858014],[0.08513265605677184],49.80%,Hand Soap
,[0.6469545038026832],[0.26727275456664756],[0.0857727416306694],49.80%,Hand Soap
,[0.6454323405528248],[0.2664814310209903],[0.0880862284261848],49.80%,Hand Soap
,[0.6457711762670904],[0.2661095238960932],[0.08811929983681652],49.80%,Hand Soap
,[0.6481670270115748],[0.2676130428781323],[0.08421993011029284],49.80%,Hand Soap
,[0.6475920742710661],[0.26696949444191476],[0.08543843128701908],49.80%,Hand Soap
,[0.6488701062260902],[0.26731046124930696],[0.08381943252460282],49.80%,Hand Soap
,[0.6479619232354309],[0.267078221367969],[0.08495985539659993],49.80%,Hand Soap
,[0.6480282620485981],[0.26734801051789064],[0.08462372743351121],49.80%,Hand Soap
,[0.6480979185795498],[0.2673064404394437],[0.08459564098100655],49.80%,Hand Soap
,[0.6487757150178194],[0.26748514252337086],[0.08373914245880978],49.80%,Hand Soap
,[0.6489470524351107],[0.2670735644901335],[0.08397938307475573],49.80%,Hand Soap
,[0.6481841626155121],[0.26755088979647085],[0.08426494758801689],49.80%,Hand Soap
,[0.6476133934517355],[0.266540552594225],[0.08584605395403942],49.80%,Hand Soap
,[0.6482405951186437],[0.26701613112256645],[0.08474327375878986],49.80%,Hand Soap
,[0.6476359771722533],[0.2667103478474598],[0.08565367498028682],49.80%,Hand Soap
,[0.64847819666478],[0.2673124590132221],[0.08420934432199789],49.80%,Hand Soap
,[0.6472423529879447],[0.2669425516793811],[0.08581509533267405],49.80%,Hand Soap
,[0.6485677551842709],[0.26745800605343234],[0.08397423876229673],49.80%,Hand Soap
,[0.6472511850636251],[0.2673569214420786],[0.08539189349429634],49.80%,Hand Soap
,[0.6474945444652913],[0.2669667529056999],[0.08553870262900885],49.80%,Hand Soap
,[0.6476900532594813],[0.2667259518313229],[0.08558399490919587],49.80%,Hand Soap
,[0.6471103370709723],[0.26708432686434846],[0.08580533606467927],49.80%,Hand Soap
,[0.6476675581525186],[0.2674752308282055],[0.08485721101927586],49.80%,Hand Soap
,[0.6473772487733827],[0.2670640824514408],[0.08555866877517661],49.80%,Hand Soap
,[0.6471312874109146],[0.2667795874043949],[0.0860891251846904],49.80%,Hand Soap
,[0.6474783333714955],[0.26774169001664644],[0.08477997661185813],49.80%,Hand Soap
,[0.7003830081196551],[0.26955789796495216],[0.030059093915392635],74.50%,Hand Soap
,[0.6996549799931951],[0.27038648344820515],[0.029958536558599713],74.50%,Hand Soap
,[0.6981966608487306],[0.2701817108855728],[0.031621628265696776],74.50%,Hand Soap
,[0.7019109098510253],[0.27044071924432656],[0.027648370904648025],74.50%,Hand Soap
,[0.7013674452838704],[0.27026501286239085],[0.028367541853738732],74.50%,Hand Soap
,[0.7004942814124618],[0.27029645348311837],[0.029209265104419718],74.50%,Hand Soap
,[0.7008232099458329],[0.2700798129788298],[0.029096977075337406],74.50%,Hand Soap
,[0.7004003235135572],[0.27000875941756997],[0.029590917068872714],74.50%,Hand Soap
,[0.7009645297896441],[0.26962872949107697],[0.029406740719279054],74.50%,Hand Soap
,[0.7022530135300938],[0.269581313553065],[0.028165672916840998],74.50%,Hand Soap
,[0.7009529077373295],[0.27006605703978204],[0.02898103522288842],74.50%,Hand Soap
,[0.7007136536899959],[0.2695651997285005],[0.029721146581503637],74.50%,Hand Soap
,[0.6980836550341043],[0.26887246325014036],[0.033043881715755376],74.50%,Hand Soap
,[0.7017454538936652],[0.2698682323446498],[0.02838631376168499],74.50%,Hand Soap
,[0.702498424232684],[0.2693945844424573],[0.028106991324858555],74.50%,Hand Soap
,[0.7012362596497482],[0.2700845819854233],[0.028679158364828497],74.50%,Hand Soap
,[0.7016233344694047],[0.26970117616997535],[0.02867548936061974],74.50%,Hand Soap
,[0.7017951490707064],[0.2697114885163285],[0.028493362412965195],74.50%,Hand Soap
,[0.7021976607447901],[0.2698411484421221],[0.027961190813087806],74.50%,Hand Soap
,[0.7027047368338144],[0.2694434935407113],[0.027851769625474358],74.50%,Hand Soap
,[0.7028111684573793],[0.2697436619743861],[0.02744516956823465],74.50%,Hand Soap
,[0.7017003601136763],[0.26946885732926884],[0.02883078255705483],74.50%,Hand Soap
,[0.7004388830209112],[0.26959488524849856],[0.0299662317305903],74.50%,Hand Soap
,[0.7002241685553132],[0.270073172836398],[0.029702658608288697],74.50%,Hand Soap
,[0.7013460065422902],[0.27007551799071866],[0.0285784754669912],74.50%,Hand Soap
,[0.7013237167794563],[0.2700616778023004],[0.02861460541824341],74.50%,Hand Soap
,[0.7021651063832509],[0.27015081330944946],[0.027684080307299436],74.50%,Hand Soap
,[0.7028431942957567],[0.2700706989072167],[0.027086106797026593],74.50%,Hand Soap
,[0.704327775353204],[0.27006930205378443],[0.025602922593011578],74.50%,Hand Soap
,[0.702728116128189],[0.2695405175374748],[0.027731366334336156],74.50%,Hand Soap
,[0.701149709002001],[0.2693929041974769],[0.029457386800521998],74.50%,Hand Soap
,[0.7021522969797185],[0.2700647234897243],[0.027782979530557205],74.50%,Hand Soap
,[0.70034172392792],[0.2699764547337549],[0.029681821338325195],74.50%,Hand Soap
,[0.7018411115180978],[0.2705457648923203],[0.02761312358958185],74.50%,Hand Soap
,[0.7000495227879242],[0.26984406715098924],[0.030106410061086712],74.50%,Hand Soap
,[0.697695216265493],[0.26975728378348585],[0.03254749995102114],74.50%,Hand Soap
,[0.7003126504598869],[0.2697640881804483],[0.02992326135966491],74.50%,Hand Soap
,[0.7017454687829073],[0.26996704073500605],[0.02828749048208666],74.50%,Hand Soap
,[0.70297096978652],[0.2699321555233765],[0.027096874690103558],74.50%,Hand Soap
,[0.7015405540869498],[0.27056725001059717],[0.027892195902453103],74.50%,Hand Soap
,[0.7010310704345847],[0.2705874273527163],[0.028381502212698986],74.50%,Hand Soap
,[0.6986195174408554],[0.26994686709384047],[0.03143361546530424],74.50%,Hand Soap
,[0.7013791644339611],[0.2703824808394493],[0.028238354726589716],74.50%,Hand Soap
,[0.7012350482792657],[0.27008147444738295],[0.028683477273351233],74.50%,Hand Soap
,[0.7010917785861351],[0.2701644561686088],[0.028743765245256004],74.50%,Hand Soap
,[0.7016333426936384],[0.2702410874289205],[0.028125569877441085],74.50%,Hand Soap
,[0.7013362990584523],[0.27037379454572685],[0.028289906395820987],74.50%,Hand Soap
,[0.7026351217825224],[0.27049887548404505],[0.026866002733432502],74.50%,Hand Soap
,[0.7016986677026299],[0.26975358927736137],[0.02854774302000871],74.50%,Hand Soap
,[0.7016909902561181],[0.27057187995783727],[0.027737129786044548],74.50%,Hand Soap
,[0.7019192428302525],[0.2699970439964711],[0.028083713173276296],74.50%,Hand Soap
,[0.702773956884734],[0.27041783794599206],[0.026808205169274037],74.50%,Hand Soap
,[0.7027192412155472],[0.27057188236928925],[0.026708876415163573],74.50%,Hand Soap
,[0.6822853355169403],[0.2949202005143562],[0.022794463968703473],25.10%,Bath Soak
,[0.6840688133706584],[0.2951898205147985],[0.02074136611454322],25.10%,Bath Soak
,[0.6827216691150815],[0.29513231923528815],[0.022146011649630384],25.10%,Bath Soak
,[0.6838014805848601],[0.2950355986405018],[0.021162920774637974],25.10%,Bath Soak
,[0.6817458046440056],[0.29507404496429795],[0.023180150391696363],25.10%,Bath Soak
,[0.6827093950132517],[0.295366508865965],[0.021924096120783422],25.10%,Bath Soak
,[0.6821721249081135],[0.2949547909545571],[0.022873084137329476],25.10%,Bath Soak
,[0.6834560773376434],[0.2950572974412917],[0.021486625221064915],25.10%,Bath Soak
,[0.6801364222954115],[0.2951238695551582],[0.024739708149430273],25.10%,Bath Soak
,[0.681914041062688],[0.2954293477435448],[0.022656611193767173],25.10%,Bath Soak
,[0.6798668096815178],[0.2943887636576617],[0.02574442666082033],25.10%,Bath Soak
,[0.6815413224633465],[0.2951517062764425],[0.023306971260210967],25.10%,Bath Soak
,[0.6800445384068782],[0.294817756145613],[0.025137705447508946],25.10%,Bath Soak
,[0.678880751085997],[0.2948250102606558],[0.026294238653347242],25.10%,Bath Soak
,[0.675543115165108],[0.2949850287278953],[0.02947185610699667],25.10%,Bath Soak
,[0.6755676772314397],[0.2947937227030508],[0.02963860006550945],25.10%,Bath Soak
,[0.6761284070457898],[0.2952007454478177],[0.028670847506392455],25.10%,Bath Soak
,[0.6725822156959653],[0.29231555383719143],[0.03510223046684313],25.10%,Bath Soak
,[0.6771089345666378],[0.29464287589224536],[0.02824818954111676],25.10%,Bath Soak
,[0.6801732229800347],[0.29483913233542963],[0.024987644684535657],25.10%,Bath Soak
,[0.682180620006036],[0.2953066501760676],[0.02251272981789652],25.10%,Bath Soak
,[0.6808759291909517],[0.2954214991487483],[0.023702571660299845],25.10%,Bath Soak
,[0.6805320777050317],[0.2944674126431569],[0.02500050965181142],25.10%,Bath Soak
,[0.6813754408058303],[0.29445571852477864],[0.024168840669391033],25.10%,Bath Soak
,[0.6830853960844638],[0.29448442468863095],[0.022430179226905135],25.10%,Bath Soak
,[0.6834832696023672],[0.29504144822062767],[0.02147528217700512],25.10%,Bath Soak
,[0.6821523676714962],[0.29408518791501076],[0.02376244441349291],25.10%,Bath Soak
,[0.6817966106334188],[0.29459785491186746],[0.023605534454713917],25.10%,Bath Soak
,[0.6830552872065313],[0.29424812286460095],[0.02269658992886781],25.10%,Bath Soak
,[0.6829483359171756],[0.29560824310086753],[0.021443420981956753],25.10%,Bath Soak
,[0.6848762273183552],[0.29492685726612927],[0.02019691541551563],25.10%,Bath Soak
,[0.6843694405432214],[0.29530407993560914],[0.020326479521169664],25.10%,Bath Soak
,[0.6843636271083399],[0.2961188593385765],[0.01951751355308368],25.10%,Bath Soak
,[0.681078337169251],[0.2952110446483003],[0.023710618182448767],25.10%,Bath Soak
,[0.6833491545149969],[0.29468685365222336],[0.02196399183277974],25.10%,Bath Soak
,[0.6794965302029546],[0.2949519135173246],[0.025551556279720805],25.10%,Bath Soak
,[0.6836857864878328],[0.2957928276113459],[0.020521385900821334],25.10%,Bath Soak
,[0.6821805629082623],[0.29400205794231454],[0.023817379149423078],25.10%,Bath Soak
,[0.6809109228766627],[0.29462525117760047],[0.024463825945736883],25.10%,Bath Soak
,[0.6808876017623484],[0.29374086765817903],[0.02537153057947256],25.10%,Bath Soak
,[0.6814775686741995],[0.29461477246569556],[0.02390765886010486],25.10%,Bath Soak
,[0.6814398522511667],[0.29428719283637117],[0.024272954912462237],25.10%,Bath Soak
,[0.6822145584767362],[0.29347033902986414],[0.024315102493399732],25.10%,Bath Soak
,[0.6833667372901071],[0.29458472435987526],[0.022048538350017674],25.10%,Bath Soak
,[0.6836370345486962],[0.2939140760772644],[0.022448889374039365],25.10%,Bath Soak
,[0.6808392826235554],[0.29406328490274625],[0.025097432473698233],25.10%,Bath Soak
,[0.6807530631888917],[0.29453827697867485],[0.024708659832433304],25.10%,Bath Soak
,[0.6795816533157236],[0.2932429919040722],[0.027175354780204292],25.10%,Bath Soak
,[0.681743108345904],[0.2946487945018634],[0.023608097152232495],25.10%,Bath Soak
,[0.6794275873503781],[0.29331852357907834],[0.027253889070543644],25.10%,Bath Soak
,[0.6800061982545256],[0.29402739904274955],[0.025966402702724756],25.10%,Bath Soak
,[0.6798437363035491],[0.29401559927246546],[0.026140664423985507],25.10%,Bath Soak
,[0.6802996460324977],[0.2947267633852571],[0.024973590582245058],25.10%,Bath Soak
,[0.6807088021226236],[0.2936158016158568],[0.02567539626151948],25.10%,Bath Soak
,[0.6828210894571365],[0.2947106876732567],[0.02246822286960684],25.10%,Bath Soak
,[0.6821096136857496],[0.29468927278884294],[0.023201113525407262],25.10%,Bath Soak
,[0.5760078514096315],[0.32957263026716],[0.09441951832320845],49.80%,Bath Soak
,[0.5739641300846432],[0.33783139741779283],[0.08820447249756395],49.80%,Bath Soak
,[0.5789349605865841],[0.3266057936506773],[0.09445924576273862],49.80%,Bath Soak
,[0.5783860467075118],[0.3292392448377516],[0.09237470845473662],49.80%,Bath Soak
,[0.5769668066755067],[0.332036256643594],[0.09099693668089932],49.80%,Bath Soak
,[0.5753834204643274],[0.33433764903561186],[0.09027893050006061],49.80%,Bath Soak
,[0.5736960434914443],[0.3346509263535321],[0.09165303015502368],49.80%,Bath Soak
,[0.5771137279210041],[0.3302232128966308],[0.09266305918236509],49.80%,Bath Soak
,[0.5772366714029776],[0.3315089703900478],[0.0912543582069745],49.80%,Bath Soak
,[0.5750972723722622],[0.3337001986599376],[0.09120252896780011],49.80%,Bath Soak
,[0.5734541802607777],[0.33582163612737104],[0.09072418361185126],49.80%,Bath Soak
,[0.5768285157489268],[0.33230486912297996],[0.09086661512809323],49.80%,Bath Soak
,[0.5771482574436231],[0.33706924758616164],[0.0857824949702153],49.80%,Bath Soak
,[0.5753664056936122],[0.33789322356811763],[0.08674037073827028],49.80%,Bath Soak
,[0.5765128761164678],[0.3367866629782212],[0.08670046090531094],49.80%,Bath Soak
,[0.5753764895309945],[0.3411783845669582],[0.08344512590204729],49.80%,Bath Soak
,[0.5778258447960977],[0.3390252453592041],[0.08314890984469826],49.80%,Bath Soak
,[0.5719243504508393],[0.33899652977273453],[0.0890791197764261],49.80%,Bath Soak
,[0.5775560899029883],[0.3281464657650057],[0.09429744433200592],49.80%,Bath Soak
,[0.5696219583107928],[0.33814615187496916],[0.09223188981423805],49.80%,Bath Soak
,[0.5707763216127054],[0.33983129481171753],[0.0893923835755771],49.80%,Bath Soak
,[0.5698846348412445],[0.3376934990470589],[0.0924218661116966],49.80%,Bath Soak
,[0.5694764598809776],[0.337769663682097],[0.09275387643692543],49.80%,Bath Soak
,[0.5712898731288473],[0.33435867894585714],[0.0943514479252955],49.80%,Bath Soak
,[0.5733312253052715],[0.332270207781532],[0.0943985669131966],49.80%,Bath Soak
,[0.569621650600724],[0.3395253641612915],[0.09085298523798467],49.80%,Bath Soak
,[0.5704643934759481],[0.3396048407758936],[0.08993076574815813],49.80%,Bath Soak
,[0.5720928309143666],[0.33404141012332644],[0.09386575896230684],49.80%,Bath Soak
,[0.5720932053232813],[0.33437013357988643],[0.09353666109683234],49.80%,Bath Soak
,[0.5727123447139317],[0.33448265100226254],[0.09280500428380568],49.80%,Bath Soak
,[0.576349635833085],[0.3303057422787237],[0.09334462188819138],49.80%,Bath Soak
,[0.5801710061447879],[0.32729306033952354],[0.09253593351568859],49.80%,Bath Soak
,[0.5744696165168953],[0.3325346272662501],[0.09299575621685466],49.80%,Bath Soak
,[0.5704617099025883],[0.33674613939053033],[0.0927921507068813],49.80%,Bath Soak
,[0.5710075833507872],[0.33549101004766996],[0.09350140660154296],49.80%,Bath Soak
,[0.5712637764742091],[0.33615857193767495],[0.09257765158811598],49.80%,Bath Soak
,[0.5721927491185056],[0.3354538595579105],[0.09235339132358387],49.80%,Bath Soak
,[0.5769048801016758],[0.33097134320491045],[0.09212377669341369],49.80%,Bath Soak
,[0.5746450827382676],[0.3320235676828993],[0.09333134957883311],49.80%,Bath Soak
,[0.5717400779055831],[0.3359238727323739],[0.09233604936204291],49.80%,Bath Soak
,[0.5697008519757257],[0.33662223955135034],[0.09367690847292401],49.80%,Bath Soak
,[0.5709641747542706],[0.33928250956445066],[0.08975331568127871],49.80%,Bath Soak
,[0.5707430046657073],[0.3378020891240411],[0.09145490621025175],49.80%,Bath Soak
,[0.5739166596526071],[0.3326243518119067],[0.09345898853548618],49.80%,Bath Soak
,[0.5752138705248383],[0.332689261933351],[0.09209686754181075],49.80%,Bath Soak
,[0.5740568105590688],[0.3356650849412204],[0.09027810449971087],49.80%,Bath Soak
,[0.572301502564276],[0.3343891767527405],[0.09330932068298341],49.80%,Bath Soak
,[0.569130639279786],[0.3394949115993035],[0.0913744491209104],49.80%,Bath Soak
,[0.5730076760638506],[0.3342238871463009],[0.09276843678984849],49.80%,Bath Soak
,[0.5759380804274528],[0.3328860950721613],[0.091175824500386],49.80%,Bath Soak
,[0.5714481894338092],[0.33475386553827835],[0.09379794502791258],49.80%,Bath Soak
,[0.5730522500899674],[0.33625709888643485],[0.09069065102359779],49.80%,Bath Soak
,[0.5724508645156638],[0.3395322499226975],[0.0880168855616387],49.80%,Bath Soak
,[0.5726068703909281],[0.3346516662991722],[0.09274146330989985],49.80%,Bath Soak
,[0.576089991607402],[0.33117281072760957],[0.09273719766498831],49.80%,Bath Soak
,[0.5723662685956474],[0.33656896402561803],[0.09106476737873462],49.80%,Bath Soak
,[0.573643549368623],[0.33523858481690166],[0.09111786581447538],49.80%,Bath Soak
,[0.6322697302146977],[0.30739439555089365],[0.06033587423440872],74.60%,Bath Soak
,[0.6294418399354157],[0.3060201266239364],[0.06453803344064796],74.60%,Bath Soak
,[0.631730642658391],[0.3079699575592593],[0.06029939978234974],74.60%,Bath Soak
,[0.6296066103932167],[0.3089011397500316],[0.06149224985675172],74.60%,Bath Soak
,[0.6284303510454795],[0.3073990147201265],[0.06417063423439408],74.60%,Bath Soak
,[0.628887365048047],[0.30913284421153464],[0.06197979074041836],74.60%,Bath Soak
,[0.6300729451276251],[0.30740104081214426],[0.06252601406023063],74.60%,Bath Soak
,[0.6291732766826613],[0.3076714572591632],[0.06315526605817551],74.60%,Bath Soak
,[0.6288916898933087],[0.3071877425459205],[0.06392056756077091],74.60%,Bath Soak
,[0.6313602250281665],[0.30895969956757025],[0.0596800754042632],74.60%,Bath Soak
,[0.6285457973024783],[0.3063930387230099],[0.06506116397451193],74.60%,Bath Soak
,[0.6287952068323251],[0.3071587993645257],[0.06404599380314913],74.60%,Bath Soak
,[0.6279935931273791],[0.3074935483685142],[0.06451285850410661],74.60%,Bath Soak
,[0.6263656587743867],[0.3119283438495492],[0.06170599737606421],74.60%,Bath Soak
,[0.6279565713372443],[0.3081087300069453],[0.06393469865581047],74.60%,Bath Soak
,[0.6276532804667144],[0.30790685834061504],[0.06443986119267053],74.60%,Bath Soak
,[0.6290894141651772],[0.30646809984133583],[0.06444248599348712],74.60%,Bath Soak
,[0.6282620958525561],[0.3090120358561223],[0.06272586829132161],74.60%,Bath Soak
,[0.6289870528594151],[0.30866181614945465],[0.06235113099113036],74.60%,Bath Soak
,[0.6293392825397255],[0.3076220693027385],[0.06303864815753607],74.60%,Bath Soak
,[0.6271507096143728],[0.30834698543819783],[0.06450230494742921],74.60%,Bath Soak
,[0.6274929730080859],[0.3062756309706782],[0.06623139602123583],74.60%,Bath Soak
,[0.625595100209881],[0.3067602908090966],[0.06764460898102255],74.60%,Bath Soak
,[0.6257786177760319],[0.30823368315315597],[0.06598769907081205],74.60%,Bath Soak
,[0.6264350083552535],[0.3074732485505373],[0.06609174309420922],74.60%,Bath Soak
,[0.6264480262801135],[0.30950758405531104],[0.06404438966457539],74.60%,Bath Soak
,[0.6262303701951325],[0.3072254476869468],[0.06654418211792049],74.60%,Bath Soak
